1. backtracking
2. forward checking with random chosse
3. MRV + MCV
4. MRV + MCV + LCV

The array is the sequence to fill the board.

************************************************************************************
4x4
************************************************************************************
consistency check: 2607

consistency check: 36
[[0, 0], [0, 1], [0, 2], [0, 3], [1, 0], [1, 1], [1, 3], [2, 0], [2, 2], [3, 0], [3, 2], []]

consistency check: 17
[[0, 0], [1, 1], [0, 3], [1, 0], [0, 2], [3, 2], [2, 0], [2, 2], [0, 1], [1, 3], [3, 0], []]

consistency check: 18
[[0, 0], [1, 1], [0, 3], [1, 0], [0, 2], [3, 2], [2, 0], [2, 2], [0, 1], [1, 3], [3, 0], []]

************************************************************************************
9x9
************************************************************************************

consistency check: more than 2,000,000

consistency check: 23152
[[0, 2], [0, 3], [0, 4], [0, 6], [0, 7], [0, 8], [1, 0], [1, 1], [1, 2], [1, 3], [1, 4], [1, 6], [1, 8], [2, 0], [2, 1], [2, 2], [2, 5], [2, 7], [2, 8], [3, 1], [3, 2], [3, 3], [3, 5], [3, 6], [3, 7], [4, 0], [4, 1], [4, 4], [4, 7], [4, 8], [5, 1], [5, 2], [5, 3], [5, 5], [5, 6], [5, 7], [6, 0], [6, 1], [6, 3], [6, 6], [6, 7], [6, 8], [7, 0], [7, 2], [7, 4], [7, 5], [7, 6], [7, 7], [7, 8], [8, 0], [8, 1], [8, 2], [8, 4], [8, 5], [8, 6], []]


consistency check: 777
[[0, 2], [2, 8], [4, 4], [0, 8], [1, 8], [0, 7], [2, 5], [2, 7], [0, 6], [4, 7], [1, 6], [4, 8], [0, 4], [6, 8], [1, 4], [7, 8], [0, 3], [6, 3], [1, 3], [3, 3], [6, 7], [5, 3], [6, 0], [5, 7], [6, 1], [4, 0], [3, 7], [2, 0], [3, 6], [2, 2], [4, 1], [2, 1], [7, 7], [5, 6], [7, 2], [3, 5], [7, 0], [3, 1], [8, 0], [7, 5], [8, 2], [1, 1], [8, 1], [5, 1], [5, 2], [8, 6], [7, 4], [1, 2], [1, 0], [5, 5], [6, 6], [7, 6], [8, 4], [8, 5], [3, 2], []]


consistency check: 194
[[0, 2], [2, 8], [4, 4], [0, 8], [1, 8], [0, 7], [2, 5], [2, 7], [0, 6], [4, 7], [1, 6], [4, 8], [0, 4], [6, 8], [1, 4], [7, 8], [0, 3], [6, 3], [1, 3], [3, 3], [6, 7], [5, 3], [6, 0], [5, 7], [6, 1], [4, 0], [3, 7], [2, 0], [3, 6], [2, 2], [4, 1], [2, 1], [7, 7], [5, 6], [7, 2], [3, 5], [7, 0], [3, 1], [8, 0], [7, 5], [8, 2], [1, 1], [8, 1], [5, 1], [5, 2], [8, 6], [7, 4], [1, 2], [1, 0], [5, 5], [6, 6], [7, 6], [8, 4], [8, 5], [3, 2], []]

************************************************************************************
16x16
************************************************************************************

consistency check: *

consistency check: *

consistency check: 186380
[[0, 1], [5, 12], [4, 12], [11, 1], [6, 15], [9, 1], [14, 15], [10, 1], [15, 15], [6, 1], [9, 10], [4, 1], [0, 10], [6, 11], [13, 1], [7, 0], [3, 1], [4, 0], [10, 3], [4, 3], [9, 3], [10, 2], [8, 15], [13, 2], [1, 15], [8, 2], [1, 10], [14, 2], [1, 5], [15, 2], [1, 9], [12, 2], [1, 4], [3, 2], [1, 14], [0, 6], [1, 13], [11, 10], [0, 7], [8, 10], [0, 14], [8, 12], [2, 7], [10, 12], [0, 8], [7, 10], [0, 11], [7, 13], [9, 8], [10, 8], [9, 15], [10, 10], [5, 15], [2, 10], [7, 14], [15, 10], [3, 8], [5, 10], [3, 7], [13, 10], [5, 5], [5, 9], [0, 5], [5, 8], [0, 4], [5, 13], [5, 14], [14, 8], [6, 7], [12, 8], [3, 4], [4, 13], [6, 4], [12, 13], [4, 5], [6, 13], [4, 4], [6, 14], [8, 13], [6, 6], [10, 13], [6, 8], [11, 13], [15, 5], [11, 14], [12, 7], [2, 13], [12, 6], [2, 8], [2, 11], [13, 13], [7, 11], [2, 14], [7, 7], [3, 14], [3, 11], [4, 11], [3, 9], [14, 11], [7, 8], [12, 9], [7, 9], [12, 5], [13, 9], [15, 9], [14, 9], [12, 3], [15, 8], [15, 0], [12, 4], [12, 0], [3, 3], [15, 3], [3, 0], [15, 4], [13, 3], [7, 4], [13, 7], [11, 4], [14, 6], [13, 6], [8, 6], [14, 5], [11, 5], [10, 4], [10, 5], [14, 0], [9, 6], [4, 6], [4, 7], [14, 7], [8, 9], [9, 0], [9, 5], [9, 9], [11, 0], [13, 14], [13, 5], [2, 0], [2, 3], [3, 6], [14, 14], [14, 3], [3, 5], [7, 6], [8, 7], [10, 0], [13, 4], [15, 14], [4, 8], [4, 9], [11, 8], [11, 9], []]

consistency check: 108383
[[0, 1], [5, 12], [4, 12], [11, 1], [6, 15], [6, 1], [14, 15], [6, 11], [15, 15], [9, 1], [10, 1], [10, 2], [13, 1], [10, 3], [3, 1], [13, 2], [4, 1], [10, 0], [4, 3], [3, 2], [7, 0], [4, 0], [9, 3], [11, 0], [8, 2], [9, 0], [9, 6], [14, 0], [9, 5], [9, 10], [10, 4], [9, 8], [10, 12], [9, 9], [10, 10], [8, 12], [10, 8], [9, 15], [1, 4], [5, 10], [8, 7], [11, 9], [8, 15], [11, 8], [8, 6], [8, 13], [10, 13], [11, 10], [10, 5], [1, 15], [1, 5], [5, 15], [0, 14], [5, 5], [11, 14], [4, 6], [11, 13], [5, 9], [0, 11], [12, 0], [2, 11], [12, 13], [5, 8], [12, 2], [5, 13], [15, 0], [15, 2], [5, 14], [14, 2], [6, 6], [3, 3], [6, 13], [2, 3], [13, 13], [7, 13], [6, 14], [7, 14], [7, 11], [2, 13], [4, 13], [1, 13], [2, 0], [14, 6], [3, 0], [3, 7], [13, 6], [6, 7], [3, 6], [6, 4], [13, 4], [6, 8], [3, 4], [15, 5], [3, 5], [12, 5], [15, 14], [13, 5], [12, 6], [14, 5], [12, 4], [7, 6], [7, 4], [7, 7], [12, 7], [15, 4], [13, 7], [14, 14], [0, 5], [14, 7], [0, 4], [4, 7], [4, 5], [13, 14], [0, 6], [0, 7], [4, 4], [2, 7], [11, 4], [11, 5], [12, 8], [12, 9], [15, 8], [15, 10], [0, 8], [1, 10], [15, 9], [2, 10], [1, 9], [2, 8], [3, 8], [13, 10], [3, 9], [7, 8], [7, 9], [3, 11], [7, 10], [13, 3], [12, 3], [13, 9], [14, 3], [1, 14], [2, 14], [8, 10], [0, 10], [8, 9], [3, 14], [15, 3], [4, 8], [4, 9], [4, 11], [14, 8], [14, 9], [14, 11], []]





